# Dolby Vision Display Management Configuration File
# Date : 12/13/2023
# Brand Model Number: L12 22081212C

[Global]
DMSwVersion = 4.0
Tmax = 900
Tmin = 0.0001
TPrimaries = 0.6860 0.3153 0.2489 0.7055 0.1466 0.0591 0.3127 0.3290

TEOTF = POWER
Tgamma = 2.3

RGB2YCCmat=0.2249515012 0.5805731287 0.0507803555 -0.1222960562 -0.3156316076 0.4379276637 0.4379276637 -0.4027047292 -0.0352229345
RGB2YCCOffsetNorm=0.0625 0.5 0.5

BLUPwm = 10 64 128 192 255
BLULight = 900 900 900 900 900
BLULightMin = 0.0001 0.0001 0.0001 0.0001 0.0001


DBrightness = 0.3
Ambient = 10

[PictureMode = 0]
PictureModeName = Dolby Vision Bright

DBrightness = 0.3
Ambient = 10

[PictureMode = 1]
PictureModeName = Dolby Vision Standard
Tmax = 450
Ambient = 10

[PictureMode = 2]
PictureModeName = Dolby Vision Vivid
DBrightness = 0.3
Ambient = 10

[PictureMode = 3]
PictureModeName = Dolby Vision Cinema
DBrightness = 0.3
Ambient = 10

